24
24.0673
24.1346
24.2019
24.2692
24.3365
24.4038
24.4712
24.5385
24.6058
24.6731
24.7404
24.8077
24.875
24.9423
25.0096
25.0769
25.1442
25.2115
25.2788
25.3462
25.4135
25.4808
25.5481
25.6154
25.6827
25.75
25.8173
25.8846
25.9519
26.0192
26.0865
26.1538
26.2212
26.2885
26.3558
26.4231
26.4904
26.5577
26.625
26.6923
26.7596
26.8269
26.8942
26.9615
27.0288
27.0962
27.1635
27.2308
27.2981
27.3654
27.4327
27.5
27.5673
27.6346
27.7019
27.7692
27.8365
27.9038
27.9712
28.0385
28.1058
28.1731
28.2404
28.3077
28.375
28.4423
28.5096
28.5769
28.6442
28.7115
28.7788
28.8462
28.9135
28.9808
29.0481
29.1154
29.1827
29.25
29.3173
29.3846
29.4519
29.5192
29.5865
29.6538
29.7212
29.7885
29.8558
29.9231
29.9904
30.0577
30.125
30.1923
30.2596
30.3269
30.3942
30.4615
30.5288
30.5962
30.6635
30.7308
30.7981
30.8654
30.9327
31
